0.900000 0.500000
0.921349 0.533633
0.936544 0.570434
0.944093 0.609378
0.942880 0.649072
0.932289 0.687883
0.912263 0.724073
0.883329 0.755969
0.846560 0.782111
0.803499 0.801396
0.756027 0.813187
0.706214 0.817372
0.656151 0.814384
0.607777 0.805162
0.562734 0.791066
0.522246 0.773756
0.487038 0.755035
0.457317 0.736687
0.432789 0.720314
0.412729 0.707189
0.396099 0.698150
0.381681 0.693529
0.368233 0.693134
0.354637 0.696283
0.340032 0.701887
0.323917 0.708564
0.306209 0.714794
0.287253 0.719067
0.267789 0.720049
0.248868 0.716710
0.231736 0.708426
0.217691 0.695045
0.207936 0.676889
0.203433 0.654724
0.204783 0.629667
0.212139 0.603073
0.225164 0.576387
0.243039 0.550991
0.264517 0.528058
0.288029 0.508428
0.311813 0.492519
0.334081 0.480281
0.353176 0.471202
0.367730 0.464357
0.376794 0.458509
0.379932 0.452242
0.377262 0.444106
0.369455 0.432785
0.357670 0.417237
0.343460 0.396825
0.328622 0.371395
0.315042 0.341321
0.304525 0.307490
0.298632 0.271239
0.298548 0.234251
0.304985 0.198410
0.318129 0.165641
0.337642 0.137746
0.362707 0.116245
0.392130 0.102245
0.424462 0.096355
0.458152 0.098637
0.491702 0.108619
0.523811 0.125348
0.553497 0.147495
0.580178 0.173488
0.603711 0.201671
0.624380 0.230460
0.642842 0.258491
0.660022 0.284746
0.676987 0.308628
0.694800 0.330005
0.714370 0.349193
0.736325 0.366898
0.760899 0.384110
0.787875 0.401974
0.816566 0.421641
0.845845 0.444116
0.874229 0.470123
0.900000 0.500000
