0.100000 0.000000
0.106780 0.016949
0.113559 0.033898
0.120339 0.050847
0.127119 0.067797
0.133898 0.084746
0.140678 0.101695
0.147458 0.118644
0.154237 0.135593
0.161017 0.152542
0.167797 0.169492
0.174576 0.186441
0.181356 0.203390
0.188136 0.220339
0.194915 0.237288
0.201695 0.254237
0.208475 0.271186
0.215254 0.288136
0.222034 0.305085
0.228814 0.322034
0.235593 0.338983
0.242373 0.355932
0.249153 0.372881
0.255932 0.389831
0.262712 0.406780
0.269492 0.423729
0.276271 0.440678
0.283051 0.457627
0.289831 0.474576
0.296610 0.491525
0.303390 0.508475
0.310169 0.525424
0.316949 0.542373
0.323729 0.559322
0.330508 0.576271
0.337288 0.593220
0.344068 0.610169
0.350847 0.627119
0.357627 0.644068
0.364407 0.661017
0.371186 0.677966
0.377966 0.694915
0.384746 0.711864
0.391525 0.728814
0.398305 0.745763
0.405085 0.762712
0.411864 0.779661
0.418644 0.796610
0.425424 0.813559
0.432203 0.830508
0.438983 0.847458
0.445763 0.864407
0.452542 0.881356
0.459322 0.898305
0.466102 0.915254
0.472881 0.932203
0.479661 0.949153
0.486441 0.966102
0.493220 0.983051
0.500000 1.000000
0.500000 1.000000
0.506780 0.983051
0.513559 0.966102
0.520339 0.949153
0.527119 0.932203
0.533898 0.915254
0.540678 0.898305
0.547458 0.881356
0.554237 0.864407
0.561017 0.847458
0.567797 0.830508
0.574576 0.813559
0.581356 0.796610
0.588136 0.779661
0.594915 0.762712
0.601695 0.745763
0.608475 0.728814
0.615254 0.711864
0.622034 0.694915
0.628814 0.677966
0.635593 0.661017
0.642373 0.644068
0.649153 0.627119
0.655932 0.610169
0.662712 0.593220
0.669492 0.576271
0.676271 0.559322
0.683051 0.542373
0.689831 0.525424
0.696610 0.508475
0.703390 0.491525
0.710169 0.474576
0.716949 0.457627
0.723729 0.440678
0.730508 0.423729
0.737288 0.406780
0.744068 0.389831
0.750847 0.372881
0.757627 0.355932
0.764407 0.338983
0.771186 0.322034
0.777966 0.305085
0.784746 0.288136
0.791525 0.271186
0.798305 0.254237
0.805085 0.237288
0.811864 0.220339
0.818644 0.203390
0.825424 0.186441
0.832203 0.169492
0.838983 0.152542
0.845763 0.135593
0.852542 0.118644
0.859322 0.101695
0.866102 0.084746
0.872881 0.067797
0.879661 0.050847
0.886441 0.033898
0.893220 0.016949
0.900000 0.000000
0.900000 0.000000
0.886441 0.000000
0.872881 0.000000
0.859322 0.000000
0.845763 0.000000
0.832203 0.000000
0.818644 0.000000
0.805085 0.000000
0.791525 0.000000
0.777966 0.000000
0.764407 0.000000
0.750847 0.000000
0.737288 0.000000
0.723729 0.000000
0.710169 0.000000
0.696610 0.000000
0.683051 0.000000
0.669492 0.000000
0.655932 0.000000
0.642373 0.000000
0.628814 0.000000
0.615254 0.000000
0.601695 0.000000
0.588136 0.000000
0.574576 0.000000
0.561017 0.000000
0.547458 0.000000
0.533898 0.000000
0.520339 0.000000
0.506780 0.000000
0.493220 0.000000
0.479661 0.000000
0.466102 0.000000
0.452542 0.000000
0.438983 0.000000
0.425424 0.000000
0.411864 0.000000
0.398305 0.000000
0.384746 0.000000
0.371186 0.000000
0.357627 0.000000
0.344068 0.000000
0.330508 0.000000
0.316949 0.000000
0.303390 0.000000
0.289831 0.000000
0.276271 0.000000
0.262712 0.000000
0.249153 0.000000
0.235593 0.000000
0.222034 0.000000
0.208475 0.000000
0.194915 0.000000
0.181356 0.000000
0.167797 0.000000
0.154237 0.000000
0.140678 0.000000
0.127119 0.000000
0.113559 0.000000
0.100000 0.000000
