0.100000 0.050000
0.107059 0.050000
0.114118 0.050000
0.121176 0.050000
0.128235 0.050000
0.135294 0.050000
0.142353 0.050000
0.149412 0.050000
0.156471 0.050000
0.163529 0.050000
0.170588 0.050000
0.177647 0.050000
0.184706 0.050000
0.191765 0.050000
0.198824 0.050000
0.205882 0.050000
0.212941 0.050000
0.220000 0.050000
0.220000 0.050000
0.222727 0.059091
0.225455 0.068182
0.228182 0.077273
0.230909 0.086364
0.233636 0.095455
0.236364 0.104545
0.239091 0.113636
0.241818 0.122727
0.244545 0.131818
0.247273 0.140909
0.250000 0.150000
0.252513 0.231802
0.241953 0.245984
0.231884 0.260746
0.222326 0.276057
0.213297 0.291891
0.204813 0.308215
0.196891 0.325000
0.189546 0.342213
0.182792 0.359822
0.176642 0.377792
0.171108 0.396091
0.166199 0.414682
0.161926 0.433531
0.158296 0.452602
0.155317 0.471858
0.152994 0.491263
0.151332 0.510780
0.150333 0.530371
0.150000 0.550000
0.150333 0.569629
0.151332 0.589220
0.152994 0.608737
0.155317 0.628142
0.158296 0.647398
0.161926 0.666469
0.166199 0.685318
0.171108 0.703909
0.176642 0.722208
0.182792 0.740178
0.189546 0.757787
0.196891 0.775000
0.204813 0.791785
0.213297 0.808109
0.222326 0.823943
0.231884 0.839254
0.241953 0.854016
0.252513 0.868198
0.263543 0.881775
0.275024 0.894720
0.286933 0.907009
0.299248 0.918618
0.311945 0.929526
0.325000 0.939711
0.338388 0.949155
0.352084 0.957839
0.366061 0.965746
0.380293 0.972862
0.394753 0.979173
0.409413 0.984667
0.424246 0.989333
0.439223 0.993163
0.454316 0.996150
0.469495 0.998288
0.484733 0.999572
0.500000 1.000000
0.500000 1.000000
0.524236 0.998920
0.548355 0.995685
0.572242 0.990310
0.595782 0.982822
0.618863 0.973255
0.641372 0.961657
0.663204 0.948083
0.684251 0.932598
0.704414 0.915276
0.723596 0.896200
0.741705 0.875463
0.758653 0.853163
0.774360 0.829408
0.788749 0.804311
0.801752 0.777994
0.813307 0.750582
0.823358 0.722208
0.831856 0.693006
0.838762 0.663118
0.844041 0.632687
0.847668 0.601859
0.849627 0.570783
0.849907 0.539606
0.848507 0.508479
0.845434 0.477552
0.840703 0.446972
0.834337 0.416887
0.826365 0.387441
0.816827 0.358776
0.805768 0.331028
0.793241 0.304332
0.779306 0.278814
0.764030 0.254599
0.747487 0.231802
0.750000 0.150000
0.747273 0.140909
0.744545 0.131818
0.741818 0.122727
0.739091 0.113636
0.736364 0.104545
0.733636 0.095455
0.730909 0.086364
0.728182 0.077273
0.725455 0.068182
0.722727 0.059091
0.720000 0.050000
0.780000 0.050000
0.787059 0.050000
0.794118 0.050000
0.801176 0.050000
0.808235 0.050000
0.815294 0.050000
0.822353 0.050000
0.829412 0.050000
0.836471 0.050000
0.843529 0.050000
0.850588 0.050000
0.857647 0.050000
0.864706 0.050000
0.871765 0.050000
0.878824 0.050000
0.885882 0.050000
0.892941 0.050000
0.900000 0.050000
