0.080000 0.850000
0.087059 0.850000
0.094118 0.850000
0.101176 0.850000
0.108235 0.850000
0.115294 0.850000
0.122353 0.850000
0.129412 0.850000
0.136471 0.850000
0.143529 0.850000
0.150588 0.850000
0.157647 0.850000
0.164706 0.850000
0.171765 0.850000
0.178824 0.850000
0.185882 0.850000
0.192941 0.850000
0.200000 0.850000
0.200000 0.850000
0.196411 0.835714
0.192829 0.821429
0.189261 0.807143
0.185715 0.792857
0.182198 0.778571
0.178717 0.764286
0.175279 0.750000
0.171890 0.735714
0.168558 0.721429
0.165289 0.707143
0.162091 0.692857
0.158968 0.678571
0.155928 0.664286
0.152977 0.650000
0.150121 0.635714
0.147365 0.621429
0.144715 0.607143
0.142176 0.592857
0.139754 0.578571
0.137453 0.564286
0.135279 0.550000
0.133234 0.535714
0.131324 0.521429
0.129552 0.507143
0.127922 0.492857
0.126438 0.478571
0.125101 0.464286
0.123915 0.450000
0.122883 0.435714
0.122006 0.421429
0.121286 0.407143
0.120724 0.392857
0.120322 0.378571
0.120081 0.364286
0.120000 0.350000
0.120081 0.335714
0.120322 0.321429
0.120724 0.307143
0.121286 0.292857
0.122006 0.278571
0.122883 0.264286
0.123915 0.250000
0.125101 0.235714
0.126438 0.221429
0.127922 0.207143
0.129552 0.192857
0.131324 0.178571
0.133234 0.164286
0.135279 0.150000
0.093369 0.078855
0.085521 0.092751
0.081025 0.108063
0.080114 0.123996
0.082835 0.139721
0.089048 0.154421
0.098428 0.167332
0.110489 0.177783
0.124603 0.185230
0.140038 0.189288
0.155990 0.189743
0.171631 0.186574
0.120000 0.100000
0.130526 0.139474
0.141053 0.178947
0.151579 0.218421
0.162105 0.257895
0.172632 0.297368
0.183158 0.336842
0.193684 0.376316
0.204211 0.415789
0.214737 0.455263
0.225263 0.494737
0.235789 0.534211
0.246316 0.573684
0.256842 0.613158
0.267368 0.652632
0.277895 0.692105
0.288421 0.731579
0.298947 0.771053
0.309474 0.810526
0.320000 0.850000
0.320000 0.850000
0.327347 0.850000
0.334694 0.850000
0.342041 0.850000
0.349388 0.850000
0.356735 0.850000
0.364082 0.850000
0.371429 0.850000
0.378776 0.850000
0.386122 0.850000
0.393469 0.850000
0.400816 0.850000
0.408163 0.850000
0.415510 0.850000
0.422857 0.850000
0.430204 0.850000
0.437551 0.850000
0.444898 0.850000
0.452245 0.850000
0.459592 0.850000
0.466939 0.850000
0.474286 0.850000
0.481633 0.850000
0.488980 0.850000
0.496327 0.850000
0.503673 0.850000
0.511020 0.850000
0.518367 0.850000
0.525714 0.850000
0.533061 0.850000
0.540408 0.850000
0.547755 0.850000
0.555102 0.850000
0.562449 0.850000
0.569796 0.850000
0.577143 0.850000
0.584490 0.850000
0.591837 0.850000
0.599184 0.850000
0.606531 0.850000
0.613878 0.850000
0.621224 0.850000
0.628571 0.850000
0.635918 0.850000
0.643265 0.850000
0.650612 0.850000
0.657959 0.850000
0.665306 0.850000
0.672653 0.850000
0.680000 0.850000
0.680000 0.850000
0.680641 0.835714
0.681281 0.821429
0.681920 0.807143
0.682558 0.792857
0.683192 0.778571
0.683823 0.764286
0.684450 0.750000
0.685073 0.735714
0.685691 0.721429
0.686302 0.707143
0.686907 0.692857
0.687505 0.678571
0.688096 0.664286
0.688678 0.650000
0.689251 0.635714
0.689814 0.621429
0.690368 0.607143
0.690911 0.592857
0.691442 0.578571
0.691962 0.564286
0.692470 0.550000
0.692965 0.535714
0.693446 0.521429
0.693914 0.507143
0.694367 0.492857
0.694806 0.478571
0.695229 0.464286
0.695637 0.450000
0.696028 0.435714
0.696403 0.421429
0.696762 0.407143
0.697103 0.392857
0.697426 0.378571
0.697732 0.364286
0.698019 0.350000
0.698288 0.335714
0.698538 0.321429
0.698769 0.307143
0.698981 0.292857
0.699173 0.278571
0.699346 0.264286
0.699499 0.250000
0.699631 0.235714
0.699744 0.221429
0.699836 0.207143
0.699908 0.192857
0.699959 0.178571
0.699990 0.164286
0.700000 0.150000
0.700000 0.040000
0.717802 0.042006
0.734711 0.047922
0.749879 0.057453
0.762547 0.070121
0.772078 0.085289
0.777994 0.102198
0.780000 0.120000
0.777994 0.137802
0.772078 0.154711
0.762547 0.169879
0.749879 0.182547
0.734711 0.192078
0.717802 0.197994
0.700000 0.200000
0.780000 0.120000
0.774737 0.158421
0.769474 0.196842
0.764211 0.235263
0.758947 0.273684
0.753684 0.312105
0.748421 0.350526
0.743158 0.388947
0.737895 0.427368
0.732632 0.465789
0.727368 0.504211
0.722105 0.542632
0.716842 0.581053
0.711579 0.619474
0.706316 0.657895
0.701053 0.696316
0.695789 0.734737
0.690526 0.773158
0.685263 0.811579
0.680000 0.850000
0.680000 0.850000
0.694118 0.850000
0.708235 0.850000
0.722353 0.850000
0.736471 0.850000
0.750588 0.850000
0.764706 0.850000
0.778824 0.850000
0.792941 0.850000
0.807059 0.850000
0.821176 0.850000
0.835294 0.850000
0.849412 0.850000
0.863529 0.850000
0.877647 0.850000
0.891765 0.850000
0.905882 0.850000
0.920000 0.850000
