0.883156 0.705725
0.872350 0.719830
0.860843 0.733369
0.848663 0.746307
0.835842 0.758609
0.822413 0.770245
0.808411 0.781185
0.793872 0.791399
0.778833 0.800863
0.763334 0.809552
0.747413 0.817442
0.731112 0.824514
0.714474 0.830750
0.697540 0.836134
0.680355 0.840651
0.662963 0.844290
0.645409 0.847042
0.627737 0.848899
0.609995 0.849857
0.592226 0.849914
0.574477 0.849068
0.556795 0.847323
0.539223 0.844683
0.521808 0.841154
0.504595 0.836746
0.487628 0.831470
0.470950 0.825340
0.454605 0.818371
0.438634 0.810582
0.423080 0.801992
0.407981 0.792624
0.393378 0.782502
0.379307 0.771651
0.365804 0.760101
0.352906 0.747880
0.340644 0.735020
0.329050 0.721554
0.318155 0.707518
0.307987 0.692946
0.298571 0.677878
0.289932 0.662350
0.282092 0.646405
0.275071 0.630082
0.268888 0.613424
0.263558 0.596473
0.259096 0.579274
0.255512 0.561870
0.252816 0.544307
0.251015 0.526630
0.250113 0.508884
0.250113 0.491116
0.251015 0.473370
0.252816 0.455693
0.255512 0.438130
0.259096 0.420726
0.263558 0.403527
0.268888 0.386576
0.275071 0.369918
0.282092 0.353595
0.289932 0.337650
0.298571 0.322122
0.307987 0.307054
0.318155 0.292482
0.329050 0.278446
0.340644 0.264980
0.352906 0.252120
0.365804 0.239899
0.379307 0.228349
0.393378 0.217498
0.407981 0.207376
0.423080 0.198008
0.438634 0.189418
0.454605 0.181629
0.470950 0.174660
0.487628 0.168530
0.504595 0.163254
0.521808 0.158846
0.539223 0.155317
0.556795 0.152677
0.574477 0.150932
0.592226 0.150086
0.609995 0.150143
0.627737 0.151101
0.645409 0.152958
0.662963 0.155710
0.680355 0.159349
0.697540 0.163866
0.714474 0.169250
0.731112 0.175486
0.747413 0.182558
0.763334 0.190448
0.778833 0.199137
0.793872 0.208601
0.808411 0.218815
0.822413 0.229755
0.835842 0.241391
0.848663 0.253693
0.860843 0.266631
0.872350 0.280170
0.883156 0.294275
0.600000 0.150000
0.594286 0.144286
0.588571 0.138571
0.582857 0.132857
0.577143 0.127143
0.571429 0.121429
0.565714 0.115714
0.560000 0.110000
0.554286 0.104286
0.548571 0.098571
0.542857 0.092857
0.537143 0.087143
0.531429 0.081429
0.525714 0.075714
0.520000 0.070000
